[None,
[None,
(0, [0]),
(0, [0]),
(0, [0]),
(0, [0]),
(0, [0]),
],
[None,
(1, [0, 1]),
(9223372036854775807, []),
(9223372036854775807, []),
(9223372036854775807, []),
(9223372036854775807, []),
],
[None,
(2, [0, 1, 2]),
(9223372036854775807, []),
(9223372036854775807, []),
(9223372036854775807, []),
(9223372036854775807, []),
],
[None,
(3, [0, 1, 2, 3]),
(9223372036854775807, []),
(9223372036854775807, []),
(9223372036854775807, []),
(9223372036854775807, []),
],
[None,
(4, [0, 1, 2, 3, 4]),
(9, [0, 2, 4, 1, 3]),
(9223372036854775807, []),
(9223372036854775807, []),
(9223372036854775807, []),
],
[None,
(5, [0, 1, 2, 3, 4, 5]),
(11, [0, 2, 4, 1, 3, 5]),
(9223372036854775807, []),
(9223372036854775807, []),
(9223372036854775807, []),
],
[None,
(6, [0, 1, 2, 3, 4, 5, 6]),
(14, [0, 2, 5, 3, 1, 4, 6]),
(20, [0, 3, 6, 2, 5, 1, 4]),
(9223372036854775807, []),
(9223372036854775807, []),
],
[None,
(7, [0, 1, 2, 3, 4, 5, 6, 7]),
(17, [0, 2, 5, 7, 4, 6, 3, 1]),
(23, [0, 3, 6, 2, 5, 1, 4, 7]),
(9223372036854775807, []),
(9223372036854775807, []),
],
[None,
(8, [0, 1, 2, 3, 4, 5, 6, 7, 8]),
(19, [0, 2, 4, 6, 8, 5, 7, 3, 1]),
(28, [0, 3, 6, 1, 4, 7, 2, 5, 8]),
(35, [0, 4, 8, 3, 7, 2, 6, 1, 5]),
(9223372036854775807, []),
],
[None,
(9, [0, 1, 2, 3, 4, 5, 6, 7, 8, 9]),
(20, [0, 2, 4, 1, 3, 5, 7, 9, 6, 8]),
(33, [0, 3, 8, 5, 1, 4, 7, 2, 6, 9]),
(39, [0, 4, 8, 3, 7, 2, 6, 1, 5, 9]),
(9223372036854775807, []),
],
[None,
(10, [0, 1, 2, 3, 4, 5, 6, 7, 8, 9, 10]),
(22, [0, 2, 4, 1, 3, 5, 7, 9, 6, 8, 10]),
(37, [0, 3, 8, 4, 1, 5, 2, 7, 10, 6, 9]),
(46, [0, 4, 8, 3, 7, 2, 9, 5, 1, 6, 10]),
(54, [0, 5, 10, 4, 9, 3, 8, 2, 7, 1, 6]),
],
[None,
(11, [0, 1, 2, 3, 4, 5, 6, 7, 8, 9, 10, 11]),
(25, [0, 2, 5, 3, 1, 4, 6, 8, 10, 7, 9, 11]),
(40, [0, 3, 6, 9, 4, 1, 5, 2, 8, 11, 7, 10]),
(53, [0, 4, 10, 6, 11, 7, 3, 8, 2, 9, 5, 1]),
(59, [0, 5, 10, 4, 9, 3, 8, 2, 7, 1, 6, 11]),
],
[None,
(12, [0, 1, 2, 3, 4, 5, 6, 7, 8, 9, 10, 11, 12]),
(27, [0, 2, 4, 6, 8, 10, 12, 9, 11, 7, 5, 3, 1]),
(42, [0, 3, 6, 9, 12, 8, 11, 7, 10, 4, 1, 5, 2]),
(59, [0, 4, 9, 3, 11, 7, 12, 8, 2, 6, 10, 5, 1]),
(68, [0, 5, 10, 4, 9, 3, 11, 6, 1, 8, 2, 7, 12]),
],
[None,
(13, [0, 1, 2, 3, 4, 5, 6, 7, 8, 9, 10, 11, 12, 13]),
(29, [0, 2, 4, 6, 8, 12, 10, 13, 11, 9, 7, 5, 3, 1]),
(43, [0, 3, 6, 2, 5, 1, 4, 7, 10, 13, 9, 12, 8, 11]),
(64, [0, 4, 10, 5, 1, 6, 2, 7, 11, 3, 9, 13, 8, 12]),
(77, [0, 5, 10, 4, 9, 2, 12, 7, 1, 6, 11, 3, 8, 13]),
],
[None,
(14, [0, 1, 2, 3, 4, 5, 6, 7, 8, 9, 10, 11, 12, 13, 14]),
(31, [0, 2, 4, 6, 8, 10, 12, 14, 11, 13, 9, 7, 5, 3, 1]),
(46, [0, 3, 6, 2, 5, 1, 4, 7, 10, 13, 9, 12, 8, 11, 14]),
(68, [0, 4, 10, 14, 9, 13, 8, 12, 3, 7, 11, 5, 1, 6, 2]),
(85, [0, 5, 10, 4, 9, 14, 8, 13, 7, 2, 11, 3, 12, 6, 1]),
],
[None,
(15, [0, 1, 2, 3, 4, 5, 6, 7, 8, 9, 10, 11, 12, 13, 14, 15]),
(33, [0, 2, 4, 6, 8, 10, 13, 15, 12, 14, 11, 9, 7, 5, 3, 1]),
(51, [0, 3, 6, 2, 5, 1, 4, 7, 10, 13, 9, 14, 11, 8, 12, 15]),
(71, [0, 4, 8, 12, 3, 7, 2, 6, 1, 5, 11, 15, 10, 14, 9, 13]),
(92, [0, 5, 12, 6, 1, 7, 2, 11, 3, 8, 13, 4, 10, 15, 9, 14]),
],
[None,
(16, [0, 1, 2, 3, 4, 5, 6, 7, 8, 9, 10, 11, 12, 13, 14, 15, 16]),
(35, [0, 2, 4, 6, 8, 10, 12, 14, 16, 13, 15, 11, 9, 7, 5, 3, 1]),
(55, [0, 3, 7, 10, 13, 16, 12, 15, 11, 14, 9, 6, 2, 5, 8, 4, 1]),
(73, [0, 4, 8, 12, 16, 11, 15, 10, 14, 9, 13, 5, 1, 6, 2, 7, 3]),
(98, [0, 5, 13, 4, 11, 16, 10, 15, 9, 14, 8, 3, 12, 6, 1, 7, 2]),
],
[None,
(17, [0, 1, 2, 3, 4, 5, 6, 7, 8, 9, 10, 11, 12, 13, 14, 15, 16, 17]),
(37, [0, 2, 4, 6, 8, 10, 12, 15, 17, 14, 16, 13, 11, 9, 7, 5, 3, 1]),
(58, [0, 3, 6, 9, 12, 15, 10, 7, 4, 1, 5, 2, 8, 11, 14, 17, 13, 16]),
(74, [0, 4, 8, 3, 7, 2, 6, 1, 5, 9, 13, 17, 12, 16, 11, 15, 10, 14]),
(103, [0, 5, 12, 17, 11, 16, 10, 15, 9, 14, 4, 13, 6, 1, 7, 2, 8, 3]),
],
[None,
(18, [0, 1, 2, 3, 4, 5, 6, 7, 8, 9, 10, 11, 12, 13, 14, 15, 16, 17, 18]),
(39, [0, 2, 4, 6, 8, 10, 12, 14, 16, 18, 15, 17, 13, 11, 9, 7, 5, 3, 1]),
(61, [0, 3, 7, 10, 13, 16, 11, 8, 4, 1, 5, 2, 6, 9, 12, 15, 18, 14, 17]),
(78, [0, 4, 8, 3, 7, 2, 6, 1, 5, 9, 13, 17, 12, 16, 11, 15, 10, 14, 18]),
(107, [0, 5, 13, 18, 12, 17, 11, 16, 10, 15, 9, 4, 14, 6, 1, 7, 2, 8, 3]),
],
[None,
(19, [0, 1, 2, 3, 4, 5, 6, 7, 8, 9, 10, 11, 12, 13, 14, 15, 16, 17, 18, 19]),
(41, [0, 2, 4, 6, 8, 10, 12, 14, 17, 19, 16, 18, 15, 13, 11, 9, 7, 5, 3, 1]),
(64, [0, 3, 6, 9, 12, 8, 11, 16, 19, 15, 18, 14, 17, 13, 10, 7, 4, 1, 5, 2]),
(85, [0, 4, 8, 12, 16, 11, 15, 19, 14, 18, 13, 17, 10, 6, 2, 7, 3, 9, 5, 1]),
(110, [0, 5, 10, 15, 6, 1, 7, 2, 8, 3, 9, 4, 14, 19, 13, 18, 12, 17, 11, 16]),
],
[None,
(20, [0, 1, 2, 3, 4, 5, 6, 7, 8, 9, 10, 11, 12, 13, 14, 15, 16, 17, 18, 19, 20]),
(43, [0, 2, 4, 6, 8, 10, 12, 14, 16, 18, 20, 17, 19, 15, 13, 11, 9, 7, 5, 3, 1]),
(66, [0, 3, 6, 9, 12, 8, 11, 14, 17, 20, 16, 19, 15, 18, 13, 10, 7, 4, 1, 5, 2]),
(91, [0, 4, 8, 3, 7, 11, 18, 13, 17, 12, 16, 20, 15, 19, 14, 10, 6, 2, 9, 5, 1]),
(112, [0, 5, 10, 15, 20, 14, 19, 13, 18, 12, 17, 11, 16, 6, 1, 7, 2, 8, 3, 9, 4]),
],
[None,
(21, [0, 1, 2, 3, 4, 5, 6, 7, 8, 9, 10, 11, 12, 13, 14, 15, 16, 17, 18, 19, 20, 21]),
(45, [0, 2, 4, 6, 8, 10, 12, 14, 16, 19, 21, 18, 20, 17, 15, 13, 11, 9, 7, 5, 3, 1]),
(69, [0, 3, 6, 2, 5, 8, 11, 14, 18, 21, 17, 20, 16, 19, 15, 12, 9, 13, 10, 7, 4, 1]),
(96, [0, 4, 9, 5, 1, 6, 2, 7, 11, 15, 19, 13, 18, 14, 10, 3, 8, 12, 17, 21, 16, 20]),
(113, [0, 5, 10, 4, 9, 3, 8, 2, 7, 1, 6, 11, 16, 21, 15, 20, 14, 19, 13, 18, 12, 17]),
],
[None,
(22, [0, 1, 2, 3, 4, 5, 6, 7, 8, 9, 10, 11, 12, 13, 14, 15, 16, 17, 18, 19, 20, 21, 22]),
(47, [0, 2, 4, 6, 8, 10, 12, 14, 16, 18, 20, 22, 19, 21, 17, 15, 13, 11, 9, 7, 5, 3, 1]),
(73, [0, 3, 6, 2, 5, 8, 11, 14, 17, 20, 16, 19, 22, 18, 21, 15, 12, 9, 13, 10, 7, 4, 1]),
(100, [0, 4, 10, 14, 19, 15, 11, 7, 3, 8, 12, 18, 22, 17, 21, 16, 20, 13, 9, 5, 1, 6, 2]),
(118, [0, 5, 10, 4, 9, 3, 8, 2, 7, 1, 6, 11, 16, 21, 15, 20, 14, 19, 13, 18, 12, 17, 22]),
],
[None,
(23, [0, 1, 2, 3, 4, 5, 6, 7, 8, 9, 10, 11, 12, 13, 14, 15, 16, 17, 18, 19, 20, 21, 22, 23]),
(49, [0, 2, 4, 6, 8, 10, 12, 14, 16, 18, 21, 23, 20, 22, 19, 17, 15, 13, 11, 9, 7, 5, 3, 1]),
(76, [0, 3, 6, 9, 12, 15, 18, 21, 17, 14, 11, 8, 4, 1, 5, 2, 7, 10, 13, 16, 20, 23, 19, 22]),
(104, [0, 4, 8, 12, 16, 20, 15, 11, 7, 3, 10, 14, 19, 23, 18, 22, 17, 21, 13, 9, 5, 1, 6, 2]),
(127, [0, 5, 10, 15, 20, 14, 19, 13, 18, 23, 17, 22, 16, 21, 12, 7, 2, 8, 3, 9, 4, 11, 6, 1]),
],
[None,
(24, [0, 1, 2, 3, 4, 5, 6, 7, 8, 9, 10, 11, 12, 13, 14, 15, 16, 17, 18, 19, 20, 21, 22, 23, 24]),
(51, [0, 2, 4, 6, 8, 10, 12, 14, 16, 18, 20, 22, 24, 21, 23, 19, 17, 15, 13, 11, 9, 7, 5, 3, 1]),
(79, [0, 3, 7, 10, 13, 16, 19, 22, 17, 14, 11, 8, 4, 1, 5, 2, 6, 9, 12, 15, 18, 21, 24, 20, 23]),
(108, [0, 4, 8, 12, 16, 20, 24, 19, 23, 18, 22, 14, 10, 3, 7, 11, 15, 21, 17, 13, 9, 5, 1, 6, 2]),
(135, [0, 5, 10, 15, 20, 13, 8, 3, 9, 4, 11, 6, 1, 7, 2, 12, 17, 22, 16, 21, 14, 19, 24, 18, 23]),
],
[None,
(25, [0, 1, 2, 3, 4, 5, 6, 7, 8, 9, 10, 11, 12, 13, 14, 15, 16, 17, 18, 19, 20, 21, 22, 23, 24, 25]),
(53, [0, 2, 4, 6, 8, 10, 12, 14, 16, 18, 20, 23, 25, 22, 24, 21, 19, 17, 15, 13, 11, 9, 7, 5, 3, 1]),
(82, [0, 3, 6, 9, 12, 15, 18, 23, 20, 17, 14, 11, 8, 4, 1, 5, 2, 7, 10, 13, 16, 19, 22, 25, 21, 24]),
(111, [0, 4, 8, 12, 16, 11, 15, 10, 14, 22, 18, 23, 19, 24, 20, 25, 21, 17, 13, 9, 5, 1, 6, 2, 7, 3]),
(142, [0, 5, 10, 4, 11, 6, 1, 7, 2, 12, 17, 22, 14, 9, 3, 8, 13, 18, 23, 16, 21, 15, 20, 25, 19, 24]),
],
[None,
(26, [0, 1, 2, 3, 4, 5, 6, 7, 8, 9, 10, 11, 12, 13, 14, 15, 16, 17, 18, 19, 20, 21, 22, 23, 24, 25, 26]),
(55, [0, 2, 4, 6, 8, 10, 12, 14, 16, 18, 20, 22, 24, 26, 23, 25, 21, 19, 17, 15, 13, 11, 9, 7, 5, 3, 1]),
(85, [0, 3, 6, 9, 12, 15, 18, 21, 24, 19, 16, 13, 10, 7, 4, 1, 5, 2, 8, 11, 14, 17, 20, 23, 26, 22, 25]),
(113, [0, 4, 8, 12, 16, 11, 15, 10, 14, 18, 23, 19, 24, 20, 25, 21, 26, 22, 17, 13, 9, 5, 1, 6, 2, 7, 3]),
(149, [0, 5, 10, 15, 21, 26, 20, 25, 19, 24, 17, 22, 14, 9, 4, 12, 6, 1, 7, 2, 8, 3, 11, 16, 23, 18, 13]),
],
[None,
(27, [0, 1, 2, 3, 4, 5, 6, 7, 8, 9, 10, 11, 12, 13, 14, 15, 16, 17, 18, 19, 20, 21, 22, 23, 24, 25, 26, 27]),
(57, [0, 2, 4, 6, 8, 10, 12, 14, 16, 18, 20, 22, 25, 27, 24, 26, 23, 21, 19, 17, 15, 13, 11, 9, 7, 5, 3, 1]),
(88, [0, 3, 6, 9, 12, 15, 18, 21, 25, 22, 19, 16, 13, 10, 7, 4, 1, 5, 2, 8, 11, 14, 17, 20, 24, 27, 23, 26]),
(118, [0, 4, 8, 3, 7, 11, 15, 19, 23, 27, 22, 26, 21, 25, 20, 24, 18, 14, 10, 16, 12, 17, 13, 9, 5, 1, 6, 2]),
(155, [0, 5, 12, 17, 22, 27, 21, 26, 20, 25, 18, 23, 16, 11, 6, 1, 7, 2, 8, 3, 9, 14, 19, 24, 15, 10, 4, 13]),
],
[None,
(28, [0, 1, 2, 3, 4, 5, 6, 7, 8, 9, 10, 11, 12, 13, 14, 15, 16, 17, 18, 19, 20, 21, 22, 23, 24, 25, 26, 27, 28]),
(59, [0, 2, 4, 6, 8, 10, 12, 14, 16, 18, 20, 22, 24, 27, 25, 28, 26, 23, 21, 19, 17, 15, 13, 11, 9, 7, 5, 3, 1]),
(91, [0, 3, 6, 2, 5, 8, 11, 14, 17, 20, 16, 19, 22, 25, 28, 24, 27, 23, 26, 21, 18, 15, 12, 9, 13, 10, 7, 4, 1]),
(123, [0, 4, 8, 3, 7, 2, 6, 10, 14, 18, 22, 26, 20, 24, 28, 23, 27, 21, 25, 19, 15, 11, 16, 12, 17, 13, 9, 5, 1]),
(160, [0, 5, 12, 17, 23, 28, 22, 27, 21, 26, 20, 15, 10, 3, 8, 14, 9, 4, 13, 18, 25, 19, 24, 16, 11, 6, 1, 7, 2]),
],
[None,
(29, [0, 1, 2, 3, 4, 5, 6, 7, 8, 9, 10, 11, 12, 13, 14, 15, 16, 17, 18, 19, 20, 21, 22, 23, 24, 25, 26, 27, 28, 29]),
(61, [0, 2, 4, 6, 8, 10, 12, 14, 16, 18, 20, 22, 24, 28, 26, 29, 27, 25, 23, 21, 19, 17, 15, 13, 11, 9, 7, 5, 3, 1]),
(94, [0, 3, 6, 9, 12, 15, 18, 21, 24, 27, 22, 19, 16, 13, 10, 7, 4, 1, 5, 2, 8, 11, 14, 17, 20, 23, 26, 29, 25, 28]),
(128, [0, 4, 8, 12, 16, 20, 26, 19, 15, 11, 7, 3, 10, 14, 18, 22, 27, 23, 28, 24, 29, 25, 21, 17, 13, 9, 5, 1, 6, 2]),
(164, [0, 5, 12, 17, 25, 18, 13, 8, 3, 9, 4, 10, 15, 20, 14, 19, 24, 29, 23, 28, 22, 27, 21, 26, 16, 11, 6, 1, 7, 2]),
],
]
