 1 10 10 10 10 10 10 10 10 10 10  1  1  1  1  1  1  1  1  1  1  1  1
 1  2  2  2  9  9  9  9  9  9 10  1 30  4  4  4  4  4  3  3  3  3  1
 1  2 21 21 21 21 21 21 21  9 10  1 30  4 26 26 26 26 26 26 26  3  1
 1  2 21 25 25 25 25 25 21  9 10  1 30  4 26 27 27 27 27 27 26  3  1
 1  2 25 25 24 24 24 24 21  9 10  1 30  4 27 27 28 28 28 28 26  3  1
 1  2 24 24 24 23 23 23 21  9 10  1 30  4 28 28 28 29 29 29 26  3  1
 1  2 23 23 23 23 22 22 21  9 10  1 30  4 29 29 29 29 20 20 26  3  1
 1  2 22 22 22 22 22 21 21  9 10  1 30  4 20 20 20 20 20 26 26  3  1
 1  2  2  2  2  9  9  9  9  9 10  1 30  4  4  3  3  3  3  3  3  3  1
 1  1 32 32 32 32 32 32 32 32  1  1 30  0  0  0  0  0  0  0  0  0  1
31  1  1  1  1  1  1  1  1  1  1 31 30  0  0  0  0  0  0  0  0  0  1
31  5  5  6  6  6  6  6  6  6  0 31 30  7  7  7  7  7  7  7  7  7  1
31  5 11 11 11 11 11 11 11  6  0 31 30  7 16 16 16 16 16 16 16  7  1
31  5 11 15 15 15 15 15 11  6  0 31 30  7 16 17 17 17 17 17 16  7  1
31  5 15 15 14 14 14 14 11  6  0 31 30  7 17 17 18 18 18 18 16  7  1
31  5 14 14 14 13 13 13 11  6  0 31 30  8 18 18 18 19 19 19 16  7  1
31  5 13 13 13 13 12 12 11  6  0 31 30  8 19 19 19 19 33 33 16  7  1
31  5 12 12 12 12 12 11 11  6  0 31 30  8 33 33 33 33 33 16 16  7  1
31  5  5  5  6  6  6  6  6  6  0 31 30  8  8  8  8  8  8  8  8  7  1
31 31 31 31 31 31 31 31 31 31 31 31  0  0  0  0  0  0  0  0  0  0  1
